1461 614 403 466 535 469 647 880 475 328 681 420 650 442 480 383 511 258 487 368 447 371 479 336 460 397 591 472 436 343 317 423
0 3392 563 679 724 659 948 1462 637 421 1100 508 949 585 649 522 728 327 644 450 598 476 666 432 595 506 865 618 543 439 379 521
0 0 1123 426 456 446 561 735 421 333 630 340 569 396 405 351 472 260 432 342 403 320 458 294 390 359 542 401 389 317 285 355
0 0 0 1873 590 493 693 1024 469 332 805 396 711 457 519 398 544 264 504 387 488 403 542 359 497 429 661 513 444 389 309 424
0 0 0 0 1943 595 797 1114 539 384 836 425 777 481 572 431 585 288 578 413 525 411 600 368 507 439 775 543 484 387 359 455
0 0 0 0 0 1652 708 949 504 324 731 413 695 481 506 451 555 274 512 395 480 404 524 350 471 404 683 489 445 394 340 429
0 0 0 0 0 0 3333 1535 665 449 1124 547 981 574 656 518 760 330 700 492 660 495 706 418 618 544 967 652 576 477 400 572
0 0 0 0 0 0 0 10240 894 548 1884 693 1579 792 943 645 1056 388 931 632 856 628 992 548 883 696 1421 925 764 597 510 725
0 0 0 0 0 0 0 0 1546 326 728 402 677 434 501 411 553 267 500 367 467 361 475 343 455 389 664 448 442 352 322 391
0 0 0 0 0 0 0 0 0 994 462 274 410 305 337 263 381 206 343 272 319 298 350 237 320 310 438 324 307 266 237 292
0 0 0 0 0 0 0 0 0 0 4938 543 1160 668 778 519 820 345 745 522 697 530 785 447 712 588 1019 714 618 501 419 617
0 0 0 0 0 0 0 0 0 0 0 1098 522 360 410 340 418 225 376 307 367 297 389 285 374 335 494 389 375 292 283 344
0 0 0 0 0 0 0 0 0 0 0 0 3436 622 664 527 764 333 673 468 633 477 741 453 658 538 935 657 586 438 394 556
0 0 0 0 0 0 0 0 0 0 0 0 0 1433 458 356 496 257 448 343 441 341 467 316 413 381 617 452 406 333 307 385
0 0 0 0 0 0 0 0 0 0 0 0 0 0 1659 411 510 281 538 385 502 392 532 342 472 430 671 489 431 365 311 445
0 0 0 0 0 0 0 0 0 0 0 0 0 0 0 1112 412 221 393 293 374 331 423 285 377 323 491 392 342 291 280 351
0 0 0 0 0 0 0 0 0 0 0 0 0 0 0 0 1765 274 539 404 521 404 549 361 525 443 707 537 482 391 331 431
0 0 0 0 0 0 0 0 0 0 0 0 0 0 0 0 0 565 286 226 262 204 285 207 255 231 334 273 248 214 202 251
0 0 0 0 0 0 0 0 0 0 0 0 0 0 0 0 0 0 1544 393 503 391 532 352 459 445 685 486 471 381 335 408
0 0 0 0 0 0 0 0 0 0 0 0 0 0 0 0 0 0 0 851 376 302 420 276 360 332 488 386 352 310 283 329
0 0 0 0 0 0 0 0 0 0 0 0 0 0 0 0 0 0 0 0 1452 384 479 333 441 402 635 471 440 362 302 428
0 0 0 0 0 0 0 0 0 0 0 0 0 0 0 0 0 0 0 0 0 968 393 280 380 338 486 368 343 296 273 331
0 0 0 0 0 0 0 0 0 0 0 0 0 0 0 0 0 0 0 0 0 0 1620 337 464 435 672 493 466 384 345 424
0 0 0 0 0 0 0 0 0 0 0 0 0 0 0 0 0 0 0 0 0 0 0 788 359 304 408 332 299 266 258 300
0 0 0 0 0 0 0 0 0 0 0 0 0 0 0 0 0 0 0 0 0 0 0 0 1484 382 585 464 442 343 309 389
0 0 0 0 0 0 0 0 0 0 0 0 0 0 0 0 0 0 0 0 0 0 0 0 0 1086 541 394 368 315 281 353
0 0 0 0 0 0 0 0 0 0 0 0 0 0 0 0 0 0 0 0 0 0 0 0 0 0 2732 638 542 447 389 523
0 0 0 0 0 0 0 0 0 0 0 0 0 0 0 0 0 0 0 0 0 0 0 0 0 0 0 1449 422 361 315 435
0 0 0 0 0 0 0 0 0 0 0 0 0 0 0 0 0 0 0 0 0 0 0 0 0 0 0 0 1156 314 312 399
0 0 0 0 0 0 0 0 0 0 0 0 0 0 0 0 0 0 0 0 0 0 0 0 0 0 0 0 0 804 246 326
0 0 0 0 0 0 0 0 0 0 0 0 0 0 0 0 0 0 0 0 0 0 0 0 0 0 0 0 0 0 752 298
0 0 0 0 0 0 0 0 0 0 0 0 0 0 0 0 0 0 0 0 0 0 0 0 0 0 0 0 0 0 0 1188
