3.124569101939328561e+02 6.584608511652328389e+01
3.380657383455024956e+02 7.224829215441570796e+01
3.684762217754914673e+02 7.464911979362534566e+01
3.948853258067977094e+02 7.304856803415225386e+01
4.212944298381039516e+02 6.904718863546946750e+01
3.108563584344597643e+02 1.130623620209798332e+02
3.364651865860294038e+02 1.202648449386088032e+02
3.684762217754914673e+02 1.242662243372915611e+02
3.972861534460073472e+02 1.210651208183453775e+02
4.204941539583674057e+02 1.170637414196625912e+02
3.092558066749866157e+02 1.594783630456998651e+02
3.348646348265563120e+02 1.674811218430653810e+02
3.676759458957549214e+02 1.722827771214846848e+02
3.972861534460073472e+02 1.714825012417481389e+02
4.220947057178404975e+02 1.666808459633288351e+02
3.092558066749866157e+02 2.122965711083122926e+02
3.340643589468197661e+02 2.162979505069950505e+02
3.668756700160183755e+02 2.218998816651509003e+02
3.996869810852170986e+02 2.194990540259412342e+02
4.236952574773135893e+02 2.138971228677853844e+02
3.084555307952500698e+02 2.587125721330322676e+02
3.324638071873466743e+02 2.659150550506612376e+02
3.652751182565452837e+02 2.699164344493440240e+02
4.012875328446901904e+02 2.675156068101343863e+02
4.268963609962597729e+02 2.563117444938226299e+02
3.068549790357769780e+02 2.971258143603868120e+02
3.316635313076101284e+02 3.075294007969619656e+02
3.636745664970721919e+02 3.123310560753812979e+02
4.012875328446901904e+02 3.083296766766985115e+02
4.292971886354695243e+02 3.035280213982791793e+02
